1 52 46 24
2 44 48 62
3 8 41 18
4 26 38 56
5 61 40 31
6 21 16 30
7 56 29 20
8 3 48 18
9 33 12 41
10 32 36 48
11 47 14 27
12 55 9 30
13 55 64 21
14 59 18 11
15 63 26 38
16 6 60 28
17 49 64 62
18 58 34 14
19 21 57 64
20 61 7 40
21 6 19 28
22 44 64 62
23 34 11 44
24 1 43 35
25 56 49 36
26 15 4 37
27 54 40 45
28 16 21 39
29 7 45 37
30 42 41 12
31 33 5 47
32 63 10 38
33 9 31 59
34 18 23 48
35 46 24 56
36 10 4 49
37 42 29 26
38 15 32 4
39 60 28 27
40 27 5 20
41 3 30 9
42 30 37 16
43 52 50 24
44 22 2 54
45 27 29 20
46 1 35 31
47 59 11 31
48 2 53 8
49 17 53 25
50 43 51 64
51 50 35 49
52 43 1 9
53 49 48 62
54 27 44 57
55 13 12 43
56 25 7 61
57 19 39 44
58 18 59 9
59 58 47 14
60 16 39 37
61 56 5 20
62 22 53 2
63 32 15 30
64 22 17 13
